4
197451
0
0
erase 6,721,3600,194692,228864,229890,257532
new 8,0,70,71,73,80,209,4112,4935
new 2,4935,5959
new 2,5959,6983
new 2,6983,8007
new 2,8007,9031
new 2,9031,10055
new 2,10055,11079
new 2,11079,12103
new 2,12103,13127
new 2,13127,14151
new 2,14151,15175
new 2,15175,16199
new 2,16199,17223
new 2,17223,18247
new 2,18247,19271
new 2,19271,20295
new 2,20295,21319
new 2,21319,22343
new 2,22343,23367
new 2,23367,24391
new 2,24391,25415
new 2,25415,26439
new 2,26439,27463
new 2,27463,28487
new 2,28487,29511
new 2,29511,30535
new 2,30535,31559
new 2,31559,32583
new 4,32583,32770,32832,33669
new 2,33669,34693
new 2,34693,35717
new 2,35717,36741
new 2,36741,37765
new 2,37765,38789
new 2,38789,39813
new 2,39813,40837
new 2,40837,41861
new 2,41861,42885
new 2,42885,43909
new 2,43909,44933
new 2,44933,45957
new 2,45957,46981
new 2,46981,48005
new 2,48005,49029
new 2,49029,50053
new 2,50053,51077
new 2,51077,52101
new 2,52101,53125
new 2,53125,54149
new 2,54149,55173
new 2,55173,56197
new 2,56197,57221
new 2,57221,58245
new 2,58245,59269
new 2,59269,60293
new 2,60293,61317
new 2,61317,62341
new 2,62341,63365
new 2,63365,64389
new 2,64389,65413
new 2,65413,66437
new 2,66437,67461
new 2,67461,68485
new 2,68485,69509
new 2,69509,70533
new 2,70533,71557
new 2,71557,72581
new 2,72581,73605
new 2,73605,74629
new 2,74629,75653
new 2,75653,76677
new 2,76677,77701
new 2,77701,78725
new 2,78725,79749
new 2,79749,80773
new 2,80773,81797
new 2,81797,82821
new 2,82821,83845
new 2,83845,84869
new 2,84869,85893
new 2,85893,86917
new 2,86917,87941
new 2,87941,88965
new 2,88965,89989
new 2,89989,91013
new 2,91013,92037
new 2,92037,93061
new 2,93061,94085
new 2,94085,95109
new 2,95109,96133
new 2,96133,97157
new 2,97157,98181
new 4,98181,98306,98368,99267
new 2,99267,100291
new 2,100291,101315
new 2,101315,102339
new 2,102339,103363
new 2,103363,104387
new 2,104387,105411
new 2,105411,106435
new 2,106435,107459
new 2,107459,108483
new 2,108483,109507
new 2,109507,110531
new 2,110531,111555
new 2,111555,112579
new 2,112579,113603
new 2,113603,114627
new 2,114627,115651
new 2,115651,116675
new 2,116675,117699
new 2,117699,118723
new 2,118723,119747
new 2,119747,120771
new 2,120771,121795
new 2,121795,122819
new 2,122819,123843
new 2,123843,124867
new 2,124867,125891
new 2,125891,126915
new 2,126915,127939
new 2,127939,128963
new 2,128963,129987
new 2,129987,131011
new 2,131011,132035
new 2,132035,133059
new 2,133059,134083
new 2,134083,135107
new 2,135107,136131
new 2,136131,137155
new 2,137155,138179
new 2,138179,139203
new 2,139203,140227
new 2,140227,141251
new 2,141251,142275
new 2,142275,143299
new 2,143299,144323
new 2,144323,145347
new 2,145347,146371
new 2,146371,147395
new 2,147395,148419
new 2,148419,149443
new 2,149443,150467
new 2,150467,151491
new 2,151491,152515
new 2,152515,153539
new 2,153539,154563
new 2,154563,155587
new 2,155587,156611
new 2,156611,157635
new 2,157635,158659
new 2,158659,159683
new 2,159683,160707
new 2,160707,161731
new 2,161731,162755
new 2,162755,163779
new 4,163779,163842,163904,164865
new 2,164865,165889
new 2,165889,166913
new 2,166913,167937
new 2,167937,168961
new 2,168961,169985
new 2,169985,171009
new 2,171009,172033
new 2,172033,173057
new 2,173057,174081
new 2,174081,175105
new 2,175105,176129
new 2,176129,177153
new 2,177153,178177
new 2,178177,179201
new 2,179201,180225
new 2,180225,181249
new 2,181249,182273
new 2,182273,183297
new 2,183297,184321
new 2,184321,185345
new 2,185345,186369
new 2,186369,187393
new 2,187393,188417
new 2,188417,189441
new 2,189441,190465
new 2,190465,191489
new 2,191489,192513
new 2,192513,193537
new 6,193537,194180,229376,229378,258044,258423
new 2,258423,259447
new 2,259447,260471
new 2,260471,261495
new 2,261495,262144
zero 8,70,71,73,80,209,721,3600,4104
zero 12,4104,4112,32770,32832,98306,98368,163842,163904,194180,194692,228864,229182
zero 6,229182,229376,229378,229890,257532,257850
zero 2,257850,258044
